# Opsim baseline2018b + Orbitfile mbas_2k
# ./baseline2018b_mbas_2k.txt
# ephemeris generation via PyOrbEphemerides
# planetary ephemeris file /epyc/projects/sssc/sources/oorb/data/de430.dat 
# obscode I11
# direct obs header metadata
# observation generation via DirectObs
# ephMode nbody prelimEphMode 2body
# rough tolerance for preliminary match 10.000000
# time step for preliminary match 1.000000
# pointing footprint camera
# obsRA fieldRA obsDec fieldDec obsRotSkyPos rotSkyPos obsDeg True
# obsMJD observationStartMJD obsTimeScale TAI seeing seeingFwhmGeom expTime visitExposureTime
objId time ra dec dradt ddecdt phase solarelon helio_dist geo_dist magV trueAnomaly velocity observationStartMJD night fieldRA fieldDec rotSkyPos filter visitExposureTime seeingFwhmEff seeingFwhmGeom fiveSigmaDepth solarElong magFilter dmagColor dmagTrail dmagDetect 
268897 60042.4165856 295.883409309 -5.44399071936 0.19036435089 0.113217896571 17.8546369138 81.5007132595 3.22931894907 3.22170960695 24.6914233838 226.713432035 0.221487873695 60042.4165856 190 295.790163 -4.576899 262.321162253 y 30.0 0.801152378944 0.710547255492 21.7272054081 81.7786483763 24.3885462173 -0.302877166451 0.0415426782946 0.0335191956946 
268897 60045.4124769 296.452609632 -5.10294493489 0.180124674415 0.11417508161 17.9716012816 83.7205412172 3.22795523845 3.18001847182 24.666019281 227.217277957 0.213262391419 60045.4124769 193 295.790163 -4.576899 263.500941944 y 30.0 0.765586894427 0.681312427219 21.9555991403 84.5985160794 24.3631421146 -0.302877166451 0.0418250841108 0.0337911911675 
268897 60063.4125231 299.164946632 -3.02691841353 0.109626207804 0.114735437162 18.0640815538 97.5056693767 3.21944573413 2.9291957788 24.4848786985 230.255063281 0.158688770801 60063.4125231 211 298.896698 -4.370346 264.099301124 i 30.0 0.869996706895 0.767137293067 23.6635805992 98.396760464 24.1922590256 -0.292619672813 0.0208346919366 0.0150227733446 
268897 60069.3713889 299.769365051 -2.34873943798 0.0836670092018 0.112640585924 17.8408175991 102.248157689 3.21651148036 2.84787038993 24.4145143383 231.264813298 0.140314183268 60069.3713889 217 300.518929 -1.720965 201.726089889 y 30.0 0.967190714355 0.8470307672 21.7629741696 101.656951373 24.1116371718 -0.302877166451 0.0140934713622 0.00968321710279 
268897 60071.344375 299.934878679 -2.12733262946 0.0749360204795 0.111676855681 17.7370780461 103.838985451 3.21552733517 2.82132354035 24.3901397395 231.599603557 0.134488390801 60071.344375 219 300.518929 -1.720965 268.847491068 z 30.0 0.705300349301 0.631756887126 22.8647321408 103.465031334 24.0920507479 -0.29808899161 0.0218963609091 0.0158968995173 
268897 60072.3592824 300.01300082 -2.01420392251 0.0701068042854 0.111157004499 17.6776748387 104.661529661 3.21501866183 2.80775147256 24.3773911115 231.771910353 0.131418581853 60072.3592824 220 300.518929 -1.720965 265.52709213 y 30.0 0.707946393743 0.633931935657 22.0812090443 104.394088244 24.0745139451 -0.302877166451 0.020913175243 0.0150870950845 
268897 60077.3826736 300.329295056 -1.46341960952 0.0462191128473 0.107919871331 17.3234791552 108.774280583 3.21247679731 2.74155774296 24.3123019263 232.625669343 0.117400617633 60077.3826736 225 300.518929 -1.720965 231.558675328 i 30.0 0.706869622681 0.633046829844 23.7664152845 108.979133154 24.0196822535 -0.292619672813 0.0172137643946 0.0121081706237 
268897 60077.40375 300.330268681 -1.4611450079 0.0461269830603 0.107919543284 17.3216823318 108.791779184 3.21246604835 2.74128386435 24.3120189016 232.629254619 0.117364076228 60077.40375 225 300.518929 -1.720965 239.472463129 i 30.0 0.716840785475 0.64124312566 23.7509669041 108.998401113 24.0193992288 -0.292619672813 0.0168189328526 0.0117967760739 
268897 60078.3797685 300.37785317 -1.35619999132 0.0413925613168 0.107139612384 17.2410597786 109.598877827 3.21196751174 2.72863511181 24.2989983527 232.795313266 0.114857479835 60078.3797685 226 300.518929 -1.720965 249.252748439 y 30.0 0.633280216063 0.572556337604 22.3390533244 109.88641531 23.9961211862 -0.302877166451 0.0197516340127 0.0141400477296 
268897 60083.3723032 300.548001069 -0.83233447404 0.0167643419485 0.102529200131 16.7666811597 113.767960565 3.20939402211 2.6651991864 24.2305780755 233.645644834 0.103890712003 60083.3723032 231 300.518929 -1.720965 248.790250691 r 30.0 0.78210672358 0.694891726782 24.352272708 114.413660313 24.0532842298 -0.177293845688 0.0117266009894 0.00790087520954 
268897 60083.4065625 300.548574016 -0.828822199626 0.0166905379704 0.102507483237 16.7629108005 113.7969514 3.20937622815 2.6647725549 24.2300939838 233.651485166 0.103857393465 60083.4065625 231 300.518929 -1.720965 216.102090272 r 30.0 0.863882523267 0.762111434126 24.2352641907 114.444759835 24.0528001381 -0.177293845688 0.00991583296035 0.00657276164465 
268897 60087.3285301 300.595304582 -0.435401390823 -0.00294620331016 0.098015498467 16.3175953132 117.116052982 3.20732716911 2.61665195107 24.1743917866 234.320559957 0.0980597677628 60087.3285301 235 299.025497 0.674445 262.995949794 u 30.0 1.0308503992 0.899359028139 23.1735181186 118.409483702 25.7186029773 1.54421119067 0.00658461799972 0.00421709804026 
268897 60096.3036921 300.411745663 0.388903454513 -0.048041927906 0.0850549511538 15.0632986776 124.828611266 3.20254931226 2.5134048315 24.0416741373 235.855308851 0.0976850630993 60096.3036921 244 299.025497 0.674445 191.268136494 y 30.0 0.830054629745 0.73430490565 21.9841762795 126.208429698 23.7387969709 -0.302877166451 0.00949025228469 0.00626530147243 
268897 60100.2923611 300.201440598 0.714408691938 -0.0678086167217 0.0780752520706 14.4069661952 128.289880954 3.20038692015 2.47108598439 23.9809935727 236.539008868 0.103410606263 60100.2923611 248 299.025497 0.674445 223.15420143 z 30.0 1.12230723413 0.974536546452 22.1955667657 129.610614655 23.6829045811 -0.29808899161 0.00626140449983 0.0039950825209 
268897 60100.3133565 300.200014672 0.716047444606 -0.0680229775885 0.0780271386695 14.403264814 128.308221904 3.200375475 2.47086887088 23.9806683374 236.542610395 0.103515022335 60100.3133565 248 299.025497 0.674445 216.464282689 z 30.0 1.07222168304 0.933366223459 22.253841931 129.628577087 23.6825793458 -0.29808899161 0.00679539780013 0.00436254050308 
268897 60113.2838194 298.9871498 1.55329745725 -0.128535342159 0.0496434054813 11.9270134432 139.495440927 3.19318109952 2.35168390392 23.7816999509 238.773031987 0.137788975944 60113.2838194 261 299.025497 0.674445 229.329243718 g 30.0 0.749677215785 0.668234671375 24.8495895277 140.291080136 24.0621178832 0.280417932256 0.0207194590511 0.0149284197321 
268897 60113.300544 298.984998915 1.55412725327 -0.128593509949 0.0495845354355 11.9235012479 139.509634756 3.19317166524 2.35155069924 23.7814442605 238.775915105 0.137822048147 60113.300544 261 299.025497 0.674445 237.465039932 g 30.0 0.723529042959 0.646740873312 24.8871077805 140.30442529 24.0618621928 0.280417932256 0.0219359273231 0.0159296437388 
268897 60118.272662 298.323488099 1.76876910554 -0.148397689807 0.0366041702627 10.8900096845 143.628125979 3.19034922308 2.31451209053 23.707372592 239.633878325 0.152845476285 60118.272662 266 299.025497 0.674445 214.479447757 g 30.0 1.06270528989 0.92554374829 24.4681881188 144.149502451 23.9877905242 0.280417932256 0.014015757356 0.00962389343936 
268897 60120.2474421 298.034738829 1.83571825624 -0.155442417546 0.0312250743333 10.47888224 145.205851247 3.18921852371 2.30128077044 23.6788373126 239.975096304 0.1585476283 60120.2474421 268 299.025497 0.674445 235.016385256 r 30.0 0.97960042424 0.857231548725 24.1057361209 145.622247721 23.5015434669 -0.177293845688 0.0171321332122 0.0120436841462 
268897 60120.2697685 298.03126521 1.83641444056 -0.155563133392 0.0311365470303 10.4741645692 145.223535648 3.18920570897 2.30113585656 23.6785148515 239.978955536 0.158648583454 60120.2697685 268 299.025497 0.674445 212.220406232 r 30.0 1.14533195654 0.993462868272 23.9401787555 145.638873592 23.5012210058 -0.177293845688 0.0132002769508 0.00900463119143 
268897 60122.2669444 297.725257171 1.89303328162 -0.162228720159 0.0255546458886 10.0625727427 146.772964486 3.18805656322 2.28865205736 23.6503610603 240.324314144 0.164229100865 60122.2669444 270 299.025497 0.674445 250.633246543 i 30.0 0.812431249542 0.719818487124 23.7494661827 147.090341213 23.3577413875 -0.292619672813 0.0246684714391 0.0182195754386 
268897 60122.2837731 297.722525648 1.89346277702 -0.162225937908 0.0254861664703 10.0590713071 146.785859029 3.18804685658 2.28855107697 23.6501252408 240.32722537 0.164215710611 60122.2837731 270 299.025497 0.674445 258.492725889 i 30.0 0.797912756905 0.707884286176 23.7654902363 147.102509701 23.357505568 -0.292619672813 0.0253802713365 0.018825175506 
268897 60123.1944329 297.579150285 1.91551395723 -0.164697632626 0.0230157579129 9.87415264823 147.473880981 3.18752100849 2.28316649937 23.6375806144 240.484790625 0.166298031573 60123.1944329 271 299.025497 0.674445 172.676298193 y 30.0 0.767304870495 0.682724603547 22.0453090533 147.749499546 23.334703448 -0.302877166451 0.0275771936283 0.0207174781809 
268897 60137.1876273 295.111685688 1.95123398267 -0.194082685424 -0.0181146123303 7.57779622531 155.645265651 3.17929807069 2.22534664085 23.482806096 242.913099212 0.194926211581 60137.1876273 285 295.892143 0.449605 212.213807721 y 30.0 0.812337123467 0.71974111549 22.0546873332 157.086681178 23.1799289296 -0.302877166451 0.0329585280935 0.025496016506 
268897 60138.1878819 294.922907553 1.93158469959 -0.194944773155 -0.0210885398233 7.48222907803 155.974190885 3.178700199 2.22308205781 23.4760013767 243.087199471 0.196082102938 60138.1878819 286 295.892143 0.449605 266.982972369 g 30.0 1.48578371454 1.27331421336 24.0850086504 157.40173332 23.7564193089 0.280417932256 0.0123674761403 0.00837841715246 
268897 60138.2101852 294.918556239 1.93111330796 -0.195015526366 -0.0211836041828 7.48023105718 155.981026016 3.17868685284 2.22303416859 23.4758576579 243.091082284 0.196162689138 60138.2101852 286 295.892143 0.449605 249.614418013 g 30.0 1.16044021395 1.00588185586 24.3583390842 157.408420377 23.7562755902 0.280417932256 0.0188010038023 0.0133728780963 
268897 60146.1224537 293.415151175 1.67231664305 -0.194473323635 -0.0438571025413 7.23318074785 156.84350084 3.17391114946 2.21431817099 23.4530988791 244.470763241 0.199357264851 60146.1224537 294 292.743639 0.279776 279.740509551 u 30.0 1.35670644452 1.16721269739 22.834476163 157.933285071 24.9973100698 1.54421119067 0.0148817204063 0.0102879305359 
268897 60147.1871991 293.214022711 1.623989541 -0.193968311324 -0.0468331741184 7.27305698715 156.712288108 3.17326230841 2.21438824403 23.4545075027 244.656765452 0.199542105822 60147.1871991 295 292.743639 0.279776 196.997903891 r 30.0 0.974262088388 0.852843436655 24.1027032231 157.756909288 23.277213657 -0.177293845688 0.0257532924938 0.0191440194523 
268897 60147.208669 293.20985757 1.62298315783 -0.19385506922 -0.0469149420177 7.2740765994 156.709004888 3.17324921004 2.2143933119 23.4545490478 244.660516902 0.19945124629 60147.208669 295 292.743639 0.279776 191.271976634 r 30.0 1.04377444961 0.909982597575 24.0198785727 157.752808002 23.2772552022 -0.177293845688 0.0230265477723 0.0168368947949 
268897 60148.1373843 293.036102203 1.57827029027 -0.192777228886 -0.0493304363199 7.32285344411 156.546554733 3.1726820562 2.21470334332 23.4566391702 244.822823528 0.198988823617 60148.1373843 296 292.743639 0.279776 276.275319133 i 30.0 0.839479903459 0.742052480644 23.6910062652 157.564046456 23.1640194973 -0.292619672813 0.0324187150869 0.0250077016901 
268897 60148.1578241 293.032158999 1.57726121097 -0.192894636964 -0.0494061267494 7.32411822494 156.54244425 3.17266956152 2.21471181132 23.4566951895 244.826396381 0.199121335697 60148.1578241 296 292.743639 0.279776 276.922849115 i 30.0 0.952956161239 0.835329964539 23.5644013902 157.559446465 23.1640755167 -0.292619672813 0.0265839413823 0.019857647536 
268897 60150.1561921 292.661013952 1.47322204639 -0.190228280203 -0.0546251531055 7.47229589928 156.046421447 3.17144541737 2.21614679204 23.4638181421 245.175853583 0.197915906235 60150.1561921 298 292.743639 0.279776 242.081883333 g 30.0 1.05700507142 0.920858168707 24.3046103945 157.045627346 23.7442360744 0.280417932256 0.0222611123842 0.0161992110845 
268897 60151.1853009 292.471992902 1.41563453545 -0.188546821393 -0.0572612013755 7.57008778702 155.717507105 3.17081304513 2.21728812048 23.4687888423 245.355927388 0.197050118093 60151.1853009 299 292.743639 0.279776 191.716728347 y 30.0 0.818273167421 0.72462054362 22.0360803864 156.727097911 23.1659116758 -0.302877166451 0.0331833465805 0.0256999668647 
268897 60154.1438426 291.940066786 1.23552713548 -0.182762504177 -0.0643894324779 7.92386299076 154.517900391 3.16898766646 2.22207828828 23.4874787144 245.874040666 0.193773403613 60154.1438426 302 292.743639 0.279776 180.415272352 y 30.0 0.891137624981 0.784515127735 21.8724153348 155.624373569 23.184601548 -0.302877166451 0.0282356265462 0.0212913347141 
268897 60154.144294 291.939984269 1.23549807029 -0.18276292284 -0.0643908636711 7.92392621026 154.51768887 3.16898738712 2.22207918011 23.4874820871 245.874119763 0.193774274064 60154.144294 302 291.187288 2.688044 177.049262556 y 30.0 0.956687464163 0.838397095542 21.7869315254 152.765933951 23.1846049206 -0.302877166451 0.0252204453515 0.0186888726608 
268897 60177.0886227 288.748269319 -0.7304980082 -0.0961763100247 -0.100926788879 12.4425741933 137.800600488 3.15447181899 2.33076868237 23.7542386227 249.914110859 0.139413411562 60177.0886227 325 289.582803 0.187415 238.670534409 u 30.0 1.02295736157 0.89287095121 23.1867422816 138.038145719 25.2984498133 1.54421119067 0.0126787844966 0.0086117594153 
268897 60177.0890741 288.748225899 -0.730543566155 -0.0961737096393 -0.100926940407 12.4426715333 137.800208121 3.15447152739 2.3307719684 23.754244941 249.914190726 0.139411727361 60177.0890741 325 287.999983 -2.308097 241.103939966 u 30.0 1.00171840096 0.875412525587 23.2309185504 137.261081239 25.2984561317 1.54421119067 0.0131352533231 0.00895551022399 
268897 60185.0691435 288.189696845 -1.55442549752 -0.0545970816475 -0.104789013661 14.0477002877 130.817502958 3.14928107109 2.39482523731 23.8656360103 251.328582586 0.118159124525 60185.0691435 333 287.999983 -2.308097 210.485648472 y 30.0 0.781118737041 0.694079601848 21.9126665235 130.488053882 23.5627588438 -0.302877166451 0.0147952538281 0.0102213320419 
268897 60206.9909954 288.407749258 -3.80963345346 0.063456546457 -0.0969294103405 17.3220740717 111.703453637 3.13467689415 2.62098673346 24.1613569717 255.239431082 0.115853544949 60206.9909954 355 289.56012 -4.809381 218.075449944 y 30.0 0.867484653914 0.765072385517 21.9732227934 112.543688124 23.8584798053 -0.302877166451 0.0119994718491 0.00810373384338 
268897 60207.9908796 288.478985907 -3.90609626683 0.0686420885484 -0.096031020467 17.4243439399 110.854677824 3.13399936443 2.63263657563 24.1738634682 255.418713173 0.118041065787 60207.9908796 356 289.56012 -4.809381 213.619939433 y 30.0 1.03139209368 0.899804301002 21.7755246285 111.618107872 23.8709863018 -0.302877166451 0.00925159958964 0.00609369064327 
268897 60208.9902894 288.55535451 -4.00160170209 0.0737844515355 -0.0950970787258 17.5223178519 110.00904764 3.13332120755 2.64436720952 24.1862481285 255.597989886 0.120364445209 60208.9902894 357 289.56012 -4.809381 195.243213098 r 30.0 0.878488186652 0.774117289428 23.9045881399 110.691842276 24.0089542828 -0.177293845688 0.0125835660279 0.00854029349113 
268897 60208.9956944 288.555754285 -4.00211567566 0.0738071603527 -0.0950801075333 17.522863343 110.004454613 3.13331753732 2.64443084251 24.1863156437 255.598959683 0.120364960715 60208.9956944 357 287.999983 -2.308097 179.833684186 r 30.0 0.940942543911 0.825454771095 23.8456045495 109.163260021 24.009021798 -0.177293845688 0.0112096129791 0.00751846124575 
268897 60209.0038426 288.556357217 -4.00289031467 0.0738524172582 -0.0950545331763 17.5236854421 109.997530795 3.13331200441 2.64452685405 24.1864174824 255.60042165 0.120372521001 60209.0038426 357 289.56012 -4.809381 200.129663321 r 30.0 0.813094698408 0.720363842091 24.0115046033 110.679211673 24.0091236367 -0.177293845688 0.0143133545036 0.00985135538779 
268897 60214.9868519 289.119418924 -4.55363088872 0.103629005062 -0.0888253914603 18.0220025678 104.994123278 3.12923260993 2.7163639672 24.2579967549 256.675348937 0.136487804797 60214.9868519 363 289.56012 -4.809381 192.124740815 z 30.0 0.742142028265 0.662040747234 22.6892137221 105.112816223 23.9599077633 -0.29808899161 0.0207131367978 0.0149232460045 
268897 60215.0050926 289.121316075 -4.55525057691 0.103763593168 -0.0887608694938 18.0233835786 104.978934933 3.12922012251 2.71658710191 24.2582112172 256.678630528 0.136548069267 60215.0050926 363 289.56012 -4.809381 198.44076427 z 30.0 0.8141365369 0.721220233332 22.7582869505 105.095711135 23.9601222256 -0.29808899161 0.0178510562224 0.0126134985808 
268897 60215.9859491 289.230573196 -4.64183397027 0.108424152905 -0.087688188146 18.0907813214 104.168449586 3.12854819456 2.72859699848 24.2695070933 256.855130503 0.139445384554 60215.9859491 364 289.56012 -4.809381 184.687306347 z 30.0 0.859776505072 0.758736287169 22.4847425948 104.179989173 23.9714181017 -0.29808899161 0.0169422731749 0.0118939129506 
268897 60216.003588 289.232492831 -4.64338016772 0.108557363178 -0.0876247907086 18.0920443176 104.153812275 3.12853610323 2.7288138815 24.2697121896 256.858305239 0.139509157574 60216.003588 364 289.56012 -4.809381 182.410165496 z 30.0 0.984596108182 0.861338000926 22.5749185919 104.163433842 23.971623198 -0.29808899161 0.0135385672071 0.00926080136056 
268897 60217.9863542 289.467414979 -4.81497548264 0.117885858312 -0.0853382629463 18.2163074245 102.523639582 3.1271751501 2.75326695233 24.2921594753 257.215333681 0.145532452438 60217.9863542 366 289.56012 -4.809381 179.220078043 z 30.0 1.39384442566 1.19774011789 22.1914436139 102.309502109 23.9940704837 -0.29808899161 0.00804055606833 0.00523197707449 
268897 60217.9995023 289.468970934 -4.81609722844 0.117991040338 -0.0852895894813 18.2171417837 102.512802619 3.1271661136 2.75343017306 24.2923088961 257.217702274 0.145589146828 60217.9995023 366 289.56012 -4.809381 188.415226693 z 30.0 1.62216456594 1.3854192732 22.3673576659 102.297138603 23.9942199045 -0.29808899161 0.00614949341711 0.00391849899195 
268897 60505.4374306 19.9798590854 13.9768228833 0.195440548478 0.0480312517213 20.3577272456 88.4498756419 2.92087753249 2.76590286707 24.2221192117 312.554750684 0.201256078495 60505.4374306 653 19.206255 14.112469 200.272455269 r 30.0 1.10620819973 0.961303140176 23.7075968104 89.4317383036 24.044825366 -0.177293845688 0.0212731147394 0.015382697364 
268897 60507.4217361 20.3829702116 14.0685137626 0.188981239136 0.0444853575579 20.372448154 89.9378255076 2.91961207347 2.73806130874 24.1996716309 312.960920315 0.194146480221 60507.4217361 655 19.206255 14.112469 210.715706734 r 30.0 2.28531544721 1.93052929761 23.0303685901 91.3154326771 24.0223777852 -0.177293845688 0.00566662457302 0.00358979318913 
268897 60507.4324884 20.3850648989 14.0689915568 0.188927454376 0.0443848653136 20.3724394138 89.9459773714 2.91960523102 2.7379103115 24.1995465128 312.963122009 0.194071119144 60507.4324884 655 19.206255 14.112469 210.709264147 r 30.0 2.16245205048 1.8295355855 23.0598894003 91.3256467582 24.0222526671 -0.177293845688 0.00625747526864 0.00399239112214 
268897 60508.4063542 20.5781636033 14.1113124612 0.185751886215 0.0427496499028 20.3742960131 90.6816989059 2.91898615254 2.72424767047 24.1882811595 313.162570519 0.190607701311 60508.4063542 656 19.206255 14.112469 185.696035649 i 30.0 1.90434846489 1.61737443814 22.6817415436 92.2501638689 23.8956614867 -0.292619672813 0.00760137267548 0.00492334944261 
268897 60508.406794 20.5782478485 14.1113312628 0.185748109369 0.0427455451651 20.3742940575 90.6820339807 2.91898587324 2.72424148381 24.188275959 313.162660609 0.190603100094 60508.406794 656 22.279381 14.441532 189.41803149 i 30.0 1.91360188056 1.62498074582 22.6682218666 89.3660741654 23.8956562862 -0.292619672813 0.00753565256236 0.00487734791209 
268897 60508.4197917 20.5807368216 14.1118860812 0.185653223798 0.0426236445118 20.3742353285 90.6919372681 2.91897761957 2.72405877481 24.1881223344 313.165323018 0.190483318372 60508.4197917 656 19.206255 14.112469 186.071759106 i 30.0 1.37401646921 1.18144153769 23.0381532067 92.2629438852 23.8955026616 -0.292619672813 0.0134284344751 0.00917729047181 
268897 60508.4202431 20.5808232383 14.1119053207 0.185650512323 0.0426193946002 20.3742332588 90.6922812242 2.91897733294 2.72405243389 24.1881170016 313.165415479 0.190479724701 60508.4202431 656 22.279381 14.441532 189.901223884 i 30.0 1.37674972507 1.18368827401 23.0298996312 89.3788821297 23.8954973288 -0.292619672813 0.0133824382603 0.00914244491655 
268897 60510.4305903 20.9687694087 14.193570572 0.178786289119 0.0386886615031 20.3661367585 92.2232180974 2.91770356452 2.69586114631 24.1643253169 313.577358256 0.182924437148 60510.4305903 658 22.279381 14.441532 207.797828682 i 30.0 1.25589366329 1.08434459122 23.098022639 91.2900685543 23.8717056441 -0.292619672813 0.0145576635684 0.0100386694229 
268897 60512.4105556 21.3371608181 14.2664006523 0.171865450347 0.0349519681384 20.3427464435 93.7469047501 2.91645457292 2.66812833767 24.1402070704 313.983363727 0.175383502929 60512.4105556 660 22.279381 14.441532 256.261341538 z 30.0 1.22696259881 1.06056325622 22.2447685396 93.1727015814 23.8421180788 -0.29808899161 0.0140501300316 0.00965012553685 
268897 60512.4313889 21.3408545348 14.2671267239 0.171775195078 0.0347483280358 20.3423199758 93.7631205901 2.91644146034 2.66783664681 24.1399465064 313.98763726 0.175254568972 60512.4313889 660 22.279381 14.441532 255.972393413 z 30.0 0.901742598427 0.793232415907 22.559799993 93.1925356021 23.8418575148 -0.29808899161 0.0233448839731 0.0171033994927 
268897 60521.4214931 22.826731347 14.4966680971 0.137356699332 0.0156872408645 20.027253093 100.901458737 2.91084143575 2.54280094857 24.0216232846 315.834686453 0.138249601726 60521.4214931 669 22.279381 14.441532 105.603696649 r 30.0 1.0335662744 0.90159147756 23.8209841184 101.749938326 23.8443294389 -0.177293845688 0.0122732510357 0.00830796657156 
268897 60532.3917824 24.175311415 14.5280687535 0.0887836141316 -0.0108099255358 19.1257652998 110.160246333 2.90417187929 2.39449351837 23.8575482596 318.09628312 0.0894392790018 60532.3917824 680 25.334676 14.729327 239.902546045 i 30.0 1.28111006195 1.10507247092 23.1170707593 109.386101218 23.5649285868 -0.292619672813 0.0037704638386 0.00232795934565 
268897 60532.4106944 24.1770462502 14.5278623095 0.0887905780982 -0.0110240537496 19.1235779562 110.176867683 2.90416054282 2.39424483866 23.8572444347 318.10018912 0.0894723226483 60532.4106944 680 25.334676 14.729327 253.135523187 i 30.0 1.15916985906 1.00483762415 23.2140658967 109.404241425 23.5646247619 -0.292619672813 0.00451290578414 0.00281628949795 
268897 60537.3602662 24.5990171549 14.4428066716 0.0648442956596 -0.0236982966078 18.5097259429 114.571335799 2.90121325074 2.32998256769 23.7762832304 319.123281311 0.069039060985 60537.3602662 685 25.334676 14.729327 269.921741943 g 30.0 1.08340539118 0.942559231553 24.301826043 114.142540429 24.0567011626 0.280417932256 0.00312114545264 0.00190745197598 
268897 60542.3510995 24.8988995315 14.2903688795 0.0397884109289 -0.0374398773873 17.7511766168 119.148862913 2.89828168399 2.26745455743 23.690468926 320.156560171 0.0546338911576 60542.3510995 690 25.334676 14.729327 106.70793019 z 30.0 0.941329424803 0.825772787188 22.3669112124 118.92655701 23.3923799344 -0.29808899161 0.00257171812968 0.00155681197306 
268897 60542.3718634 24.8997515858 14.2895889198 0.039723802704 -0.0376889167881 17.7476076231 119.168337871 2.89826957342 2.26720002249 23.6900999546 320.160862464 0.0547579669996 60542.3718634 690 25.334676 14.729327 114.646661889 z 30.0 0.838550905196 0.741288844071 22.4865797439 118.946583921 23.392010963 -0.29808899161 0.0031716585628 0.00193993354541 
268897 60549.392662 25.0975834483 13.9555503332 0.00312397573172 -0.0583858364832 16.4307991831 125.874091797 2.89421631395 2.18395423359 23.5625756265 321.617183559 0.0584693520249 60549.392662 697 25.334676 14.729327 192.830519548 r 30.0 0.900209808312 0.791972462433 23.8152471259 125.691202788 23.3852817808 -0.177293845688 0.00316831150815 0.00193778004209 
268897 60555.3052662 25.0549988233 13.5610765002 -0.0292912378789 -0.0755433497189 15.0872979227 131.773994445 2.89086856815 2.11903596689 23.4495286196 322.846074358 0.0810232948184 60555.3052662 703 25.334676 14.729327 226.306484541 i 30.0 1.12589514806 0.977485811702 23.2675495288 131.386495909 23.1569089468 -0.292619672813 0.00394409494545 0.00244146549263 
268897 60555.3263773 25.0543615289 13.5594789616 -0.0294158182235 -0.0758049623781 15.081987183 131.795602821 2.89085672478 2.11881385211 23.449112339 322.850466075 0.0813122541988 60555.3263773 703 25.334676 14.729327 226.95084294 i 30.0 1.12535334133 0.977040446575 23.2687090922 131.407024323 23.1564926662 -0.292619672813 0.00397407126226 0.00246110547945 
268897 60560.3085417 24.8676446802 13.1446706827 -0.0561644039528 -0.0908298699538 13.7797217161 136.949393341 2.88808394019 2.06855119393 23.3503417263 323.887668652 0.106791879594 60560.3085417 708 25.334676 14.729327 234.797940687 r 30.0 1.29013568387 1.11249153214 23.6886051023 136.215767502 23.1730478806 -0.177293845688 0.00519534532554 0.00327175674474 
268897 60560.3426273 24.8656786562 13.1415676169 -0.0561540478501 -0.091245601433 13.7700823278 136.985418375 2.88806512364 2.06822372797 23.3496503012 323.894769948 0.107140267271 60560.3426273 708 25.334676 14.729327 235.663259283 r 30.0 1.01343280424 0.885041765089 23.9341945465 136.248945896 23.1723564555 -0.177293845688 0.00798605394705 0.00519356259744 
268897 60566.2789468 24.4688158273 12.5498812659 -0.0868641712357 -0.108276208579 12.0196744907 143.338069268 2.88482039306 2.01446473778 23.2284072409 325.132592177 0.138813261574 60566.2789468 714 23.759939 11.963057 228.896399481 i 30.0 0.741321174527 0.661366005461 23.5733822137 144.549341163 22.9357875681 -0.292619672813 0.0213666993795 0.0154597180046 
268897 60566.2988542 24.4670435234 12.5477234133 -0.0869481647391 -0.10851499511 12.0133326569 143.3598678 2.88480962101 2.01429660124 23.227990383 325.136746746 0.139052103599 60566.2988542 714 23.759939 11.963057 231.972445482 i 30.0 0.763195725287 0.679346886186 23.5714197617 144.568876446 22.9353707102 -0.292619672813 0.0204560035867 0.0147130882143 
268897 60586.2246991 21.9626333189 9.88151941906 -0.164962885954 -0.154746220974 4.77390799198 166.168523406 2.87440663902 1.8928226 22.7730189625 329.306535609 0.226183877958 60586.2246991 734 22.152126 9.234643 240.483269718 r 30.0 1.09805436317 0.954600686529 23.8948081756 166.58687115 22.5957251168 -0.177293845688 0.0263124607305 0.0196238648716 
268897 60586.244213 21.9593658172 9.8784979819 -0.164955255232 -0.154925232594 4.76588723474 166.191893609 2.87439683216 1.89275452893 22.7724699335 329.310629943 0.226300826165 60586.244213 734 22.152126 9.234643 245.91239548 r 30.0 1.00367850449 0.877023730689 23.9887833081 166.606317376 22.5951760878 -0.177293845688 0.0303946295391 0.0231943615649 
268897 60588.2197338 21.6384239233 9.56999942867 -0.16934663342 -0.157498362921 3.96136977834 168.551183565 2.87340798458 1.88639102896 22.7152909003 329.725231121 0.231266116354 60588.2197338 736 22.152126 9.234643 211.385476881 i 30.0 0.814317905415 0.721369318251 23.6687778685 168.552456984 22.4226712275 -0.292619672813 0.0434777246749 0.035392923184 
268897 60588.2473148 21.6336878312 9.56565216044 -0.16928256078 -0.15773827664 3.94988717924 168.584384218 2.87339423462 1.88631064207 22.7144461575 329.73102099 0.231382690151 60588.2473148 736 22.152126 9.234643 209.535463628 i 30.0 0.977505430078 0.855509463524 23.4618599631 168.579974479 22.4218264847 -0.292619672813 0.0328842503775 0.0254287082013 
268897 60597.1920949 20.1099153372 8.12164829114 -0.178602856946 -0.163660406346 0.248239864994 179.285383489 2.86901702571 1.87163917705 22.3572359383 331.610803376 0.242247206618 60597.1920949 745 20.525205 6.538108 183.926153545 z 30.0 0.740079341366 0.660345218603 22.8888053304 178.045941419 22.0591469467 -0.29808899161 0.0539056797198 0.0458837916371 
268897 60597.2098148 20.1067188507 8.11874722056 -0.178545476954 -0.16377582909 0.241767187592 179.303734009 2.86900851836 1.87163355096 22.3563769049 331.614531317 0.242282912181 60597.2098148 745 20.525205 6.538108 217.584485427 z 30.0 0.789424760828 0.7009071534 22.8111026357 178.04672417 22.0582879133 -0.29808899161 0.0490631718009 0.0409308193409 
268897 60597.2102546 20.1066395296 8.11867518894 -0.178542927947 -0.163778675962 0.241607379212 179.304187071 2.86900830721 1.87163341825 22.3563556848 331.614623847 0.24228295817 60597.2102546 745 19.055209 8.950087 192.392231046 z 30.0 0.880746640115 0.775973738174 22.6751941811 179.087217206 22.0582666932 -0.29808899161 0.0416545752728 0.0336269078182 
268897 60607.1547338 18.4183836525 6.5073085508 -0.169004892823 -0.158315409645 3.96347905281 168.517565536 2.86433850718 1.88273459416 22.7043491694 333.709172313 0.231573795428 60607.1547338 755 17.414223 6.262111 174.481024902 i 30.0 0.645798116571 0.582846051821 23.9371568327 167.180731211 22.4117294966 -0.292619672813 0.0610468304853 0.0534365280759 
268897 60607.1816667 18.4138036328 6.50304320955 -0.168868423747 -0.158421941448 3.97473318283 168.484862542 2.8643261464 1.88280396646 22.7051454405 333.714851426 0.231547092555 60607.1816667 755 17.414223 6.262111 182.745611547 i 30.0 0.716315631855 0.640811449385 23.8154663064 167.153672238 22.4125257677 -0.292619672813 0.0526343918913 0.0445701089235 
268897 60642.0552662 15.0859524239 2.38792681128 -0.0139407099615 -0.0655546218684 15.6614462408 128.763453115 2.84968067589 2.12613035171 23.4449723927 341.094279609 0.067020532992 60642.0552662 790 14.145747 0.931441 208.091807586 r 30.0 0.761721623756 0.678135174727 24.3436195435 126.941516251 23.267678547 -0.177293845688 0.00548567873243 0.00346735449841 
268897 60642.0665162 15.0857957295 2.38718940494 -0.0138534653654 -0.0655368340972 15.6641478372 128.751638838 2.8496764044 2.12624993351 23.4451818968 341.096667728 0.0669850365837 60642.0665162 790 14.145747 0.931441 212.368753064 r 30.0 0.792628065651 0.703540269965 24.2980456183 126.930091601 23.2678880511 -0.177293845688 0.00511650997699 0.00321883054558 
268897 60644.0570833 15.0817379393 2.2633432225 -0.00263131120694 -0.0589451420848 16.1180768198 126.684785694 2.84892536168 2.14769574498 23.4815772151 341.519287775 0.0590038437228 60644.0570833 792 14.145747 0.931441 209.634124529 g 30.0 0.990171258511 0.865920774496 24.4953295602 124.923706855 23.7619951474 0.280417932256 0.00272036722312 0.00165118726185 
268897 60644.0742361 15.0816938865 2.26233237103 -0.00245544613822 -0.0589162560403 16.1219731057 126.666986445 2.84891893105 2.14788364986 23.4818921013 341.522930089 0.058967401516 60644.0742361 792 14.145747 0.931441 201.098525534 g 30.0 0.811110537129 0.71873286152 24.7055817813 124.90626372 23.7623100335 0.280417932256 0.00386851487358 0.00239200382018 
268897 60647.0283912 15.1171781192 2.10277743575 0.0141308703486 -0.0491571191189 16.7481250957 123.645448287 2.84782193208 2.18080329146 23.5348487026 342.15037754 0.0511478626815 60647.0283912 795 14.145747 0.931441 189.593389755 r 30.0 0.993585204285 0.868727037922 23.8168846723 121.925315524 23.357554857 -0.177293845688 0.00205743834347 0.00123328276357 
